2573;4463
2425;4456
951;3916
177;2624
1451;3377
506;3994
2190;3484
473;2639
1142;4455
8;4375
1305;3219
1638;4258
216;3501
2141;3477
102;4779
508;3849
309;3985
404;4292
1441;4234
2278;4402
324;2754
1796;3458
715;3071
125;2888
1050;3936
1349;3698
2046;3198
1931;4551
2474;4540
1460;2691
817;2812
64;3872
760;3452
1397;3832
1148;4018
2050;2886
303;4527
1848;3272
2592;2965
622;2631
1497;3734
767;2887
1787;4250
2385;3773
1043;4567
2394;3025
1201;3739
1534;4772
2448;2644
30;2634
2128;4632
1095;4355
500;4590
2343;3175
918;2663
1937;4103
401;4616
212;3926
1491;4266
1846;3478
349;4857
472;2842
2489;3369
1984;4321
2276;4667
1689;4238
1055;3613
400;4731
2570;4843
2574;4512
855;3835
1795;3640
1247;4074
1651;3310
2084;4235
2134;4180
105;4653
1654;3066
1900;3125
1783;4651
157;4438
948;4322
547;4838
2423;4787
403;4510
1292;4459
1161;3045
2529;4184
606;4054
2326;4652
820;2680
1643;4004
1584;4811
962;3190
455;4319
516;3351
1784;4605
1064;2931
2227;4707
1488;4607
104;4790
666;3204
2581;4006
153;4827
1054;3771
2582;3921
1603;3261
809;3631
1842;3909
9;4501
1608;2863
2229;4569
2532;3990
413;3745
2277;4679
672;2730
1490;4467
620;2955
564;3513
18;3780
1498;3819
1001;4114
2534;3862
363;3830
2291;3552
1207;3418
70;3579
272;3201
1660;2688
2286;3975
1190;4837
514;3601
459;4075
1802;3195
264;3882
1831;4895
423;2973
915;3098
1289;4828
1409;3059
899;4430
407;4312
1855;2912
956;3812
2232;4403
858;3755
1753;3205
560;3918
319;3440
417;3503
1414;2674
1395;4248
465;3619
969;2749
402;4751
1164;2945
370;3316
1444;4289
505;4404
218;3652
2006;2705
1215;2831
374;2999
278;2780
162;4216
314;3890
1210;3251
2030;4824
2283;4304
1982;4718
2336;4007
1692;4212
1291;4725
1099;4282
1351;3847
2340;3684
326;2910
1011;3406
2303;2675
675;2628
2350;2869
857;3906
164;4083
81;2786
755;4188
651;4630
866;3169
1143;4762
170;3599
364;3884
1755;3127
2143;3689
1703;3345
1204;3808
1990;4105
2447;3037
1310;3210
2578;4464
2591;3381
527;2667
1711;2696
1597;3976
1656;3173
112;4351
2341;3662
2450;2814
224;3249
2483;4169
1707;3040
2145;3551
804;4264
1983;4714
118;3860
75;3335
1462;2906
1685;4885
515;3691
519;3359
377;2861
1650;3695
1553;3555
1209;3438
1653;3450
408;4390
277;2979
1886;4602
1401;3896
1899;3520
25;3422
2254;2737
811;3720
600;4851
2288;4009
257;4650
1243;4735
756;4196
2480;4465
870;2932
1315;2860
230;2808
1989;4268
1985;4599
1803;3321
2490;3649
522;3153
2579;4460
707;4185
2493;3403
1561;2938
1341;4815
355;4736
568;3443
565;3692
2088;4263
317;3798
1106;3854
2036;4486
961;3598
11;4626
1542;4528
1151;4220
2238;4118
973;2620
2304;2739
2440;3742
1686;4884
670;3203
412;4139
960;3714
1539;4809
664;3710
1150;4332
1713;2662
72;3703
603;4688
2049;3454
1194;4793
1637;4888
179;3023
315;4027
2386;4164
1997;3682
1167;2941
2253;2914
1908;2882
419;3590
1457;3451
2045;3804
405;4754
1895;3966
19;4025
1193;4886
2431;4532
59;4803
111;4587
2302;2962
1052;4309
2399;3105
379;2830
656;4415
2427;4876
2442;3638
947;4852
719;3300
312;4315
1102;4285
1746;4081
133;2792
108;4868
120;3875
1007;3986
2001;3402
555;4641
2590;3675
963;3547
1555;3563
2230;4881
1269;2722
171;3746
1404;3809
1762;2774
428;2901
1346;4534
1993;4078
1887;4694
225;3376
1009;3842
1958;2899
1202;4208
1565;2751
913;3620
23;3765
1020;2939
2297;3445
1590;4780
307;4777
2435;4281
610;4211
553;4848
276;3267
1104;4177
2146;3707
232;2829
178;3222
2037;4570
467;3813
2099;3526
763;3820
1313;3233
574;3130
1297;4562
1096;4862
1701;3805
901;4669
1114;3372
69;4095
1756;3338
2388;4130
1941;4366
261;4547
1615;2758
1245;4797
526;3034
1259;3633
921;3016
21;3989
580;2649
260;4636
1496;4445
10;4905
174;3581
2444;3585
728;2660
2193;3948
2002;3416
814;3718
2199;3449
1942;4299
1300;4338
2333;4623
2192;4038
1254;4068
470;3607
558;4495
1450;4193
1994;4097
1509;3390
227;3302
420;3667
2055;3135
1545;4504
1950;3657
415;4084
209;4800
1023;2779
803;4657
1748;4046
2599;3050
213;4476
369;3816
1647;4237
2492;3740
1366;2990
414;4183
119;4094
124;3680
1593;4637
411;4439
1599;4140
1162;3553
2501;3009
265;4277
905;4407
1053;4413
998;4882
713;3958
1246;4776
1060;3837
114;4536
2401;3131
2593;3576
2135;4729
2191;4182
575;3143
1304;4079
2155;3078
210;4770
229;3192
367;4026
2183;4859
1256;3973
2246;3724
259;4808
1124;2645
950;4799
1667;2632
1511;3292
2290;4171
1267;3070
518;3796
2003;3420
17;4424
313;4432
1067;3289
1198;4709
1470;2617
2495;3556
2430;4861
775;2960
869;3350
381;2897
1745;4370
1456;3788
215;4393
1752;3799
2259;2683
167;4286
1751;3889
2438;4218
186;2718
769;3480
1507;3665
525;3255
815;3761
1317;3060
877;2719
1758;3323
2342;4003
2451;3155
458;4734
14;4722
330;3072
1611;3247
2234;4784
766;3751
953;4614
1642;4771
1413;3298
910;4090
827;2789
2000;3733
2407;2729
1019;3245
2337;4446
1493;4867
1307;3924
2091;4388
2542;3828
864;3838
2153;3346
2357;2804
1943;4397
615;4033
262;4659
1468;2872
185;2870
1854;3608
616;3964
2200;3562
654;4908
2236;4676
1061;3900
579;2947
513;4333
1075;2741
2094;4186
1811;3097
384;2756
1857;3375
1549;4363
1100;4769
1360;3669
1398;4612
1569;2711
823;3197
2392;4043
325;3574
1717;2726
2494;3775
2397;3641
1657;3621
1308;3917
2043;4353
138;2727
1252;4473
2052;3610
2105;3313
283;2987
66;4613
1299;4673
226;3628
1225;2633
1655;3810
1172;2937
1898;4119
576;3260
955;4573
1121;3089
2102;3583
2096;4088
512;4485
1916;2647
2201;3573
974;3011
76;3825
529;3093
2595;3642
320;4058
366;4335
925;2994
1028;2643
2104;3447
2499;3430
335;2818
1077;2671
581;2883
1652;4102
618;3914
2138;4727
2197;3931
2289;4493
1510;3618
661;4452
759;4513
182;3254
418;4145
1998;4082
1794;4629
1912;3031
567;4072
1396;4903
471;3855
863;4087
510;4713
1156;4342
2585;4519
475;3527
175;3850
768;3786
1495;4887
909;4372
168;4437
1504;4144
1112;3915
183;3196
2454;3120
385;2823
659;4658
485;2725
28;3792
561;4608
2356;3077
1105;4516
632;2816
1571;2706
2352;3424
626;3326
1222;3008
2065;2677
82;3426
1206;4344
1447;4821
1567;3058
1400;4635
2012;2991
1671;2623
978;2795
128;3715
484;2839
1668;2876
121;4303
711;4487
86;3115
608;4845
1263;3728
2601;3265
1126;2815
1859;3423
534;2803
1410;3826
613;4442
624;3536
1700;4341
2237;4834
1760;3472
1866;2865
2354;3320
427;3518
959;4420
826;3178
931;2654
126;3935
731;2875
26;4047
1516;3259
979;2772
2017;2635
469;4147
911;4325
68;4664
1173;3064
772;3578
32;3560
2206;3339
89;2926
1991;4806
328;3571
1469;3081
1852;4057
131;3543
1170;3325
1069;3521
1319;3248
1355;4362
327;3671
2347;3951
1165;3753
583;2904
926;3110
774;3442
481;3187
1818;2810
134;3315
2455;3186
2151;3841
2139;4836
1459;3933
1947;4395
1272;3076
1277;2658
727;3256
2292;4434
2362;2723
1670;2821
1750;4373
136;3166
1128;2750
2212;2893
1411;3846
611;4708
2152;3782
1801;4242
2092;4670
27;4034
1264;3767
720;3864
1551;4520
1175;2971
1117;3690
1402;4621
1508;4020
437;2801
22;4478
1362;3848
932;2678
425;3803
1506;4191
582;3062
2239;4792
1604;4255
1203;4774
923;3437
376;3781
2115;2806
625;3594
1223;3112
2393;4306
1268;3479
957;4717
1107;4555
873;3499
1350;4873
1316;3605
71;4542
169;4603
2299;3942
268;4580
2512;2646
765;4288
1664;3398
1672;2738
373;4063
2207;3395
1108;4497
433;3181
2113;3007
1747;4721
191;2799
1111;4261
440;2618
1219;3498
1368;3419
524;3840
1894;4820
1858;3711
1302;4810
2255;3534
1954;3939
2588;4572
2011;3308
2600;3572
2359;3096
1560;3883
217;4760
1270;3382
822;3701
2260;3139
660;4865
142;2805
2294;4411
2156;3577
1180;2672
1372;3118
2247;4224
368;4537
1354;4625
1548;4907
1010;4506
872;3673
927;3206
286;3164
572;4001
977;3160
587;2760
584;3012
2154;3778
1851;4350
2095;4578
1806;3988
2586;4782
2293;4543
2338;4904
1503;4583
573;3946
1070;3655
1406;4440
1213;4080
1996;4627
1799;4592
1810;3685
2252;3863
1420;3286
828;3271
1862;3470
2443;4400
1131;2708
1550;4801
1452;4741
1115;4041
88;3268
2202;3940
1014;4240
1018;3911
818;4135
1869;2918
1601;4683
1378;2717
1995;4753
1118;3821
762;4698
1303;4853
2446;4197
2195;4548
365;4893
1662;3735
816;4323
1512;3898
318;4702
2507;3237
1072;3561
2241;4844
1552;4691
1607;4223
1576;2703
1946;4761
971;3768
1015;4217
1849;4633
434;3291
673;3938
1573;2966
380;3686
1120;3708
2007;3814
1476;2832
2147;4480
1907;3927
1080;2936
2345;4435
2396;4298
35;3656
1757;4092
77;4267
1906;4011
590;2652
2267;2724
634;3101
1798;4798
881;3083
2005;3998
2204;3865
1364;3954
390;2880
1824;2648
176;4262
173;4511
2312;3103
34;3763
917;4202
187;3355
1962;3483
143;2917
1807;4069
781;3213
329;3867
1706;4265
2295;4530
371;4479
271;4591
730;3357
1574;2942
87;3482
1357;4566
2560;3020
1214;4152
2159;3544
1920;2907
1901;4483
80;4077
2348;4252
2364;2923
31;4050
2022;2642
1169;3811
468;4654
1218;3843
1720;3137
1919;3015
1132;2797
1026;3410
535;3200
2550;3888
2553;3639
2608;3171
633;3263
2390;4889
386;3285
430;3729
2150;4334
1715;3575
1815;3464
2308;3505
1255;4894
2256;3731
1217;3956
78;4283
2296;4514
2349;4210
919;4123
2008;3852
44;3022
290;3086
2513;2894
1467;3700
1157;4860
188;3365
1016;4279
2358;3485
1163;4368
1359;4484
426;4101
2465;2798
2053;4233
279;4017
1812;3754
2316;2881
2498;4159
2464;2885
491;2809
861;4869
2497;4246
2051;4406
2404;3779
375;4251
1963;3517
1471;3393
1184;2641
1275;3287
716;4628
2545;4369
630;3580
479;3824
639;2834
2315;2995
1257;4791
1817;3370
922;3932
2449;4167
591;2736
1306;4832
1805;4380
394;2714
934;2950
337;3348
965;4477
2403;3912
2502;3894
1871;3018
1559;4339
2163;3363
1577;2848
724;4016
45;3029
674;4071
39;3530
2596;4297
1769;3309
1458;4549
770;4307
1166;4207
2244;4850
1429;2866
2249;4444
2406;3699
129;4278
435;3456
2009;3887
2305;3895
2540;4875
2123;2616
282;3871
729;3637
668;4604
1663;3937
431;3797
231;4013
343;2909
1327;3156
1874;2817
1231;2946
1659;4287
1265;4219
1669;3455
531;3705
483;3593
2554;3737
429;3980
1624;3104
831;3389
1777;2695
665;4880
0;2733
2353;4044
1377;3134
1850;4841
982;3158
2218;2967
2004;4352
789;2794
723;4176
2013;3602
930;3386
1766;3627
1505;4814
223;4726
424;4429
1674;3082
2561;3185
1012;4783
43;3288
2562;3113
1284;2686
1463;4213
2500;4157
1328;3133
83;4070
1062;4738
1211;4656
2061;3743
1809;4189
2408;3623
97;2925
589;3048
239;3429
1678;2777
1666;3774
1714;3886
667;4768
193;3152
37;3815
829;3617
2546;4462
2205;4098
1358;4773
2551;4052
2547;4385
1361;4522
2058;4015
1421;3645
690;2878
1956;4293
2298;4579
1281;2980
2266;3144
533;3624
2543;4737
1952;4634
722;4326
2456;3770
2355;3967
1273;3661
1754;4696
1412;4409
677;3982
2114;3495
1856;4436
543;2820
741;2773
180;4284
2452;4127
2215;3317
1235;2742
2057;4149
1860;4120
1861;4037
1283;2856
1171;3960
42;3461
1363;4414
2369;2836
1479;2982
1679;2767
1466;4060
442;3039
48;2976
733;3469
718;4720
487;3417
1021;4150
1278;3304
1229;3280
972;4129
2552;4059
792;2687
2268;3057
1087;2782
821;4378
936;3028
436;3567
976;3802
1119;4230
669;4715
421;4822
916;4699
1556;4830
787;3124
1237;2638
2248;4742
1212;4719
742;2768
1480;2956
1408;4833
773;4294
1910;4132
79;4559
445;2855
732;3611
2068;3319
891;2704
46;3208
631;3806
1530;2922
1309;4879
2613;3151
521;4755
132;4276
2514;3182
2062;3833
784;3412
2411;3537
292;3290
1773;3257
1804;4778
1025;3904
868;4645
2110;3963
1902;4847
1776;3024
493;3017
1029;3586
2274;2657
2606;3769
273;4901
1375;3545
1763;4115
1017;4593
348;2778
147;3079
1089;2720
2604;3950
627;4204
334;3949
1286;2762
496;2793
1557;4842
101;2813
2100;4829
1764;4045
2223;2819
1519;3905
1385;2743
2116;3516
1620;3721
85;4155
1333;2970
2158;4134
84;4243
1618;3899
150;2868
233;4173
1564;4295
786;3336
1960;4198
1472;3752
145;3301
794;2684
1725;3240
135;4137
970;4466
2597;4598
2311;3759
539;3378
2602;4181
2101;4813
244;3295
541;3223
2216;3467
2250;4739
5;2665
1969;3497
1665;4153
874;4270
2251;4671
1088;2896
1974;3084
878;3941
1365;4489
682;3834
2024;3041
2071;3243
642;3068
2412;3616
1808;4595
2558;3783
1609;4732
1383;3010
1513;4507
1515;4346
2510;3681
331;4317
1274;3878
2351;4597
1814;4112
1514;4453
830;3880
2410;3818
2371;2959
2272;2984
2078;2702
332;4259
1617;4104
876;4165
1661;4556
986;3242
586;3678
2470;2958
2210;4056
2263;3756
1221;4232
967;4835
678;4245
1139;2845
2301;4712
1373;3910
530;4249
1066;4826
299;2951
2567;3119
1322;4065
1071;4418
1712;4461
1367;4431
2520;2944
29;4896
196;3328
2557;3984
2120;3385
1032;3584
2421;2989
1879;2919
350;2849
1972;3394
1182;3434
499;2781
1436;2840
691;3238
1418;4336
1168;4606
975;4241
2160;4195
2504;4320
1971;3502
538;3658
671;4906
1141;2765
2503;4405
1033;3535
871;4697
623;4804
1320;4300
1759;4724
1568;4203
1040;2969
2273;3035
1220;4417
2374;2850
295;3373
679;4271
1521;4014
1882;2728
1473;3907
738;3476
2467;3330
199;3159
1024;4314
595;3061
1177;3908
1774;3507
1116;4877
2074;3194
2107;4550
1967;3881
91;3944
824;4546
1337;2928
836;3549
195;3504
1477;3600
2310;4093
1523;3879
1464;4684
676;4552
1037;3258
1964;4141
446;3161
1965;4064
1710;4752
985;3493
638;3622
1520;4146
204;2783
2108;4500
598;2854
2461;3876
746;2859
1266;4758
152;3014
1959;4586
1613;4631
1318;4545
1682;3004
2361;4000
1775;3486
139;4107
54;2972
1183;3473
2261;4121
2014;4142
2417;3459
895;2811
1970;3696
2262;4040
149;3294
695;3036
1572;3978
1181;3663
2016;3996
432;4398
478;4675
1957;4805
1968;3892
2522;2964
40;4174
1909;4695
2119;3648
1227;3962
391;3716
778;4367
2112;4239
1039;3184
1681;3147
1828;3239
2171;3441
344;3532
644;3207
2416;3592
189;4110
280;4756
1827;3329
943;2974
549;2911
2609;3959
2556;4273
2118;3760
1623;3891
56;2879
1978;3095
92;3991
643;3314
236;4330
1130;3857
1765;4399
577;4703
1528;3595
339;3977
2575;2713
1428;3704
1772;3823
2549;4872
2056;4825
1829;3193
799;2669
1085;3508
832;4028
1929;3087
1046;2653
1614;4662
1387;3026
528;4690
281;4710
288;4131
1562;4890
1236;3276
551;2784
747;2903
1045;2747
1621;4096
2209;4443
2271;3392
2611;3853
1381;3539
537;3965
2368;3541
1244;2626
1616;4523
58;2763
1718;4247
2208;4538
1586;2921
893;3094
650;2788
1633;3121
725;4757
2176;3106
1228;3969
378;4892
1371;4392
1786;2716
700;2748
291;3929
388;4076
1044;2874
1135;3522
2402;4856
1872;3790
2505;4498
205;2892
2307;4558
2473;3067
1928;3246
2603;4563
1146;2621
137;4447
1415;4871
1918;4085
640;3666
1867;4226
2178;2988
1518;4533
1821;3961
1863;4568
47;3749
1835;2800
2028;3172
1086;3533
1975;3474
450;3074
1424;4156
776;4692
785;3945
894;3090
648;3030
2106;4897
935;3787
1435;3244
1123;4565
2420;3413
1290;3001
206;2862
1475;4032
1575;3930
542;3651
735;4019
1242;2895
1733;3109
2131;2841
736;3943
1465;4878
788;3727
1619;4391
680;4503
1517;4663
1723;3952
1921;3903
2080;2993
449;3202
382;4674
1813;4682
641;3659
884;3974
839;3614
109;2766
890;3481
399;3274
354;2916
780;4427
1416;4891
1768;4348
2477;2844
846;3051
1675;3877
240;4199
1187;3427
1370;4619
1138;3396
2181;2847
1433;3494
988;3565
1881;3174
1826;3650
333;4693
2082;2889
2415;3925
2066;4229
1770;4221
1031;4117
1728;3615
791;3564
578;4864
245;3831
1489;2981
1122;4767
1636;3069
2363;4175
251;3340
1321;4643
554;2769
250;3428
980;4280
347;3570
1537;3108
1325;4318
1238;3347
2010;4807
1481;3664
683;4360
1924;3757
441;3979
2020;3995
2069;4023
2424;3236
942;3360
289;4313
1230;4031
1485;3353
1591;2744
298;3569
1830;3387
1179;4178
1076;4535
1125;4564
2086;2630
2109;4819
1911;4874
2527;2902
751;2852
190;4359
2124;3582
254;3145
2063;4560
38;4706
439;4190
1864;4704
234;4823
1781;3400
737;4039
1342;2978
740;3793
2360;4502
287;4531
1832;3270
482;4730
1484;3488
237;4588
1820;4269
2377;3100
100;3674
2414;4124
1722;4215
1419;4789
601;3054
1393;2857
1588;3053
2126;3462
2463;4162
1;3709
1034;3987
1938;2689
1541;2871
1174;4660
843;3466
2079;3282
2117;4222
1374;4458
2213;4451
844;3391
1178;4340
754;2673
397;3632
790;3785
1524;4302
2327;3188
845;3318
1437;3337
1232;3968
944;3296
304;3167
357;2867
457;2759
1741;2682
949;2890
94;4225
750;3027
2167;4201
2381;2828
1136;3764
2610;4305
495;3719
1585;3364
1740;2785
1825;3923
1082;4151
448;3529
155;3275
1767;4644
93;4328
2313;4387
607;2629
6;3362
1582;3629
1478;4073
681;4689
2478;2997
557;2694
1819;4450
1791;2676
748;3234
2372;3609
198;3836
1834;3217
2269;3981
110;2952
1030;4416
1388;3379
1324;4600
1687;3141
835;4228
308;2913
486;4526
1915;4700
1445;2757
1049;2858
1729;3766
2320;3866
898;3111
1426;4343
1973;3999
1631;3713
103;3566
2321;3791
1323;4705
302;3436
782;4557
880;4615
2309;4795
2226;3491
1149;2771
1979;3519
2217;4244
1276;4521
1677;4010
1580;3869
694;3693
2429;3052
65;2655
545;3776
793;3677
1000;2877
341;4331
1837;3043
296;3971
699;3293
1883;3331
1487;3431
1743;2666
1336;3679
1935;3114
1891;2670
635;4518
2164;4589
2615;4022
1226;4624
797;3371
3;3741
1423;4665
588;4345
744;3688
1430;4091
2169;4194
2025;3858
2466;4126
336;4785
1536;3490
685;4492
1782;3558
1816;4831
106;3401
1930;3559
1248;2827
2318;4128
994;3433
940;3817
604;3038
1726;4125
252;3587
1443;3042
1200;2731
838;4106
1525;4426
1522;4681
1691;2940
2019;4389
1376;4517
837;4200
2072;4100
892;3738
2528;3122
655;2935
1822;4376
246;4113
2284;2900
1439;3407
115;2707
1695;2637
310;2908
438;4574
1526;4386
739;4170
1779;3874
197;4109
2485;2625
536;4647
148;4086
2533;2740
1390;3399
243;4394
945;3475
1693;2833
850;3176
896;3453
396;3993
1878;3868
1348;2802
2125;3851
2018;4539
107;3415
2472;3725
2287;2701
1724;4379
2419;4036
933;4499
684;4686
1870;4554
1280;4371
937;4166
1986;3117
1731;3800
1843;2697
2428;3299
1434;3885
1926;4008
1589;3307
1721;4639
2518;4029
993;3626
305;3388
1251;2693
929;4849
345;4172
2270;4143
2136;2977
2365;4454
1482;4021
2476;3439
687;4471
352;3604
494;4108
57;3515
2184;3102
392;4384
2460;4775
597;3762
362;2790
1538;3489
849;3333
599;3603
2535;2656
1739;3189
1392;3324
489;4544
1988;3005
1379;4408
452;3528
2180;3468
1833;3597
2571;3777
463;2619
1094;3492
2376;3588
1199;2975
1133;4364
1331;4316
2035;3228
1529;4272
1329;4488
1081;4596
41;4899
2607;4909
2482;3003
2225;3859
1923;4349
706;2961
2566;4231
488;4678
1091;3784
758;2753
141;4817
1987;3148
241;4711
144;4577
688;4482
253;3722
701;3405
1596;2846
2235;3063
1285;4089
1868;4854
2375;3732
1474;4794
146;4428
1737;3446
1939;3065
1841;3013
406;3334
1694;2929
2172;4214
1981;3683
2462;4723
2367;4421
2219;4423
398;4012
1234;4257
2264;4786
359;3163
1698;2622
987;4291
1384;4111
2087;3107
710;2710
16;2968
1036;4327
705;3129
1296;3225
1425;4812
460;2985
841;4133
1933;3606
2426;3654
509;3019
1892;2920
783;4855
2517;4290
113;3123
1326;4846
61;3344
2129;3730
1622;4858
1744;2924
166;2825
2387;2807
1690;3311
358;3281
1098;3305
886;4515
2486;2787
194;4611
266;2734
60;3448
1992;2843
1343;3460
2090;2905
2220;4410
53;4049
2373;4005
1644;3075
504;3487
902;3226
165;2957
2488;2664
1344;3408
544;4274
7;3795
2021;4571
1440;3647
50;4329
2568;4227
2580;3232
1683;3957
853;3218
908;2752
1649;2690
1598;2837
4;4066
2521;4051
612;2755
256;3636
1353;2700
2378;3644
548;3983
2563;4672
462;2933
2265;4840
2511;4902
556;3327
2121;4509
1249;3154
1332;4457
161;3349
593;4356
2174;4209
1147;3435
248;4324
351;3970
1103;2998
1790;3322
609;3044
2577;3546
562;2851
614;2636
2439;2712
2085;3432
444;4470
2413;4883
1058;2659
2044;2745
98;4524
207;3670
840;4382
692;4377
1340;3844
801;3524
2317;4677
847;3807
592;4494
796;3947
903;3262
293;4743
158;3660
2475;3861
1448;3092
1092;3972
1696;2996
2042;2949
49;4529
1547;3073
2179;3870
2379;3653
2077;4148
1684;3997
2523;3992
1084;4649
887;4618
990;4260
2033;3706
443;4609
208;3634
342;4802
52;4296
1533;4256
1578;4617
1250;3170
2433;3283
1330;4733
805;3253
1727;4553
2519;4357
852;3457
456;3557
356;3668
1059;2661
1645;3180
1581;4396
1185;4496
2536;2953
2330;3672
511;3099
2434;3231
2565;4655
1134;4642
154;4062
63;3425
952;3368
1896;2838
2132;3744
605;3509
1922;4788
1140;4163
1634;4122
2075;4381
2432;3421
2285;3341
1602;2685
862;2668
1749;2776
409;3404
1056;2954
2331;3630
989;4425
1778;4472
1697;3006
798;3897
888;4622
2516;4666
2039;3297
2221;4581
492;4728
1885;3801
1502;2822
249;4422
2194;2732
1196;3646
1109;2681
2583;3214
1038;4475
658;3252
1154;3046
889;4561
1877;4481
1382;4610
1699;2873
743;4401
2328;3919
2332;3591
1629;4594
1535;4205
2319;4668
2173;4505
1258;2627
1008;2898
2224;4374
1294;3750
2186;3444
563;2986
1090;4308
507;3548
992;4253
1380;4818
269;2835
300;4358
267;3000
2040;3303
602;3873
1048;3723
2240;3091
2436;3216
1158;2791
2418;4716
2487;3085
1876;4646
617;2651
2389;3033
1839;3625
702;3789
697;4206
649;4099
2344;2679
393;4866
900;3747
1042;4254
2322;4508
1844;3221
2081;4035
1594;3496
995;4061
912;2761
117;3212
1453;2915
2038;3511
1197;3697
2541;2735
712;2992
503;3955
795;4301
1889;3612
546;4490
2524;4158
2188;3384
2422;4441
258;3827
1632;4474
24;2775
1641;3736
2279;4030
939;4661
1999;2699
1977;4525
55;4310
1680;4601
1347;3568
2034;3902
2032;4067
1897;2983
2382;3694
2587;3056
1592;3726
812;2934
1241;4192
395;4781
2324;4419
1730;4575
2189;3342
745;4412
501;4187
1295;3822
263;3463
2083;3953
662;3116
1386;4469
2526;4055
151;4576
221;2864
12;3829
1738;3934
764;2853
1702;2824
1041;4449
647;4383
1792;3554
2245;2826
2185;3717
1635;4311
1875;4870
1438;4275
1648;3230
2530;3758
1013;2692
1208;2891
1051;3635
410;3589
757;3465
954;3500
1880;4468
1407;2764
2479;3901
865;2698
353;4236
2383;3687
1301;3380
1540;4024
1980;4365
752;3893
323;2640
2539;3032
1704;2715
1884;4160
2027;4582
1239;4448
99;4863
856;3471
361;3596
73;2927
2140;3397
2177;4433
1927;4701
1356;2948
753;3845
62;3856
1153;3414
1005;3411
2089;3550
1253;3312
594;4759
2537;3241
552;4154
996;4168
372;2709
696;4491
703;3913
13;3839
569;2746
1945;3227
1630;4796
2076;4648
1006;3343
1002;3676
2073;4900
999;3928
497;4638
2182;4048
2576;4116
1063;2721
2233;3920
2589;3047
1298;3702
1188;4640
466;3126
1047;4053
1403;3183
1057;3229
1936;4002
2281;4042
698;4361
51;4816
1789;3922
1646;3510
306;4138
1948;3021
1189;4585
2329;4179
1186;4839
1192;4347
2048;2930
1145;4161
2098;2884
301;4584
15;3748
520;2796
619;2770
859;3332
127;2650
2222;4898
1587;4354
1338;4541
652;4136
1797;3306
714;3088
1352;3383
806;3643
2187;3712
2525;4337
122;3080
20;3358
1944;3409
854;3772
