2341;11433
1693;16069
330;51372
1775;46125
1170;6233
1822;5366
677;63537
2357;6021
1730;29391
684;34295
1602;48214
113;20248
104;4613
805;11972
991;25208
1575;62753
382;42990
211;57185
385;14070
928;26345
297;21376
1356;23599
1072;10305
546;4813
1062;7045
2427;12531
1596;3682
401;8663
1308;56261
1082;21777
2085;4063
485;9890
2096;35922
1305;11463
954;7831
1744;52854
2356;26642
973;51314
2471;13003
2419;45984
447;58115
263;24234
2412;5609
1945;44370
669;39691
858;15818
2183;41006
1618;63331
781;63171
11;28780
217;56738
1617;26555
1188;29397
673;39375
435;5891
1522;30362
42;30320
2472;8849
2372;13064
1937;40977
2511;50683
432;6150
2248;19263
57;61855
1416;55553
2265;9668
243;62804
345;58441
1236;62309
507;61380
1733;29254
643;29613
199;37797
659;44673
2032;45401
576;14701
2244;19619
63;20419
112;36832
946;12670
455;16558
90;5895
504;57552
572;6849
1587;53678
1097;12426
1920;5568
537;58920
1327;5639
1424;59026
175;2950
2014;18252
1934;28993
1461;2717
1261;23416
1551;3443
553;57608
2397;60203
1358;15374
251;25335
2161;10169
139;5962
2469;54236
431;10406
1743;12104
426;39497
342;42373
561;20104
1736;33176
1964;10159
163;53144
248;54285
483;47068
2434;61271
2488;56790
2119;50555
1540;53549
185;47236
1889;8213
56;57950
970;51722
298;13290
2374;4820
462;11966
2475;16915
2100;2991
899;4373
324;52097
1717;42978
1869;26273
1429;54598
1711;31199
1448;3876
2456;55383
1458;15338
1855;11056
511;7922
2133;16654
439;5708
2112;6115
1152;12070
1284;37978
2508;38796
1077;6011
549;8876
1708;35564
863;36071
1843;28457
2345;3189
41;18295
27;23552
1994;3653
1195;29015
2089;3962
2153;27326
1574;5755
2391;11673
311;8189
253;8914
1143;4679
652;4472
2080;17018
1760;35392
1322;34882
1061;36065
111;4323
1267;18972
1748;60976
1706;3021
1850;40225
1840;16478
1716;59538
1337;13170
344;38248
295;46412
718;56359
17;12144
1477;9747
1805;39873
255;25165
1260;44156
2312;46945
1647;28418
1123;59622
1908;2658
8;21095
2332;4329
2154;31398
1573;50949
539;9792
1652;3435
2300;31577
1330;13781
419;19765
4;5057
2364;13979
418;28041
2027;33756
2408;30804
1410;7149
2387;44845
70;11873
487;38702
1008;32328
2433;20557
843;29646
1686;4738
1509;56291
1310;19565
901;4363
1460;39892
808;7989
190;6037
2299;19411
1412;52069
1797;36509
1078;10168
990;13382
2316;46678
569;23748
1692;16557
725;55865
1291;17079
1473;26553
1828;33951
307;37315
2268;62977
637;22218
1017;56224
203;13192
331;14861
391;63130
20;12001
892;9257
1759;19223
2177;45970
2354;47666
502;41637
1136;25877
1433;5322
2142;40682
2169;54835
2366;26197
361;24672
1279;9923
1620;51250
1913;18744
2193;56948
357;4539
1800;15852
1090;5149
2501;27302
79;31719
2195;11737
1852;44301
2339;32554
2202;11164
2458;51357
1346;37160
417;15965
1316;60134
1043;58217
1599;20269
1347;8417
1179;26457
412;28682
2428;25203
1777;5502
1197;45456
1530;50584
1443;29133
2001;19682
1232;50747
961;7703
1980;29626
1115;3117
730;63750
2306;39440
1023;47620
535;6206
1175;30915
271;3546
2258;43422
1192;9031
1389;21353
1277;22463
2480;49597
2497;15414
421;23887
35;19060
1442;33356
599;5022
1353;28460
593;13715
2020;22252
2205;43755
2113;47307
2350;15345
2181;41664
2446;40149
363;53289
1952;44288
2361;18529
1041;21601
1141;13310
60;29308
1194;4823
1374;43132
1166;35819
1283;5629
228;31758
1718;18680
934;59181
565;40655
2328;9019
1778;38290
1867;55476
119;49013
1550;32643
914;7613
1511;31790
1950;52695
2015;43210
985;9915
335;35197
989;50548
1343;29359
804;41332
32;15298
514;53117
1640;12907
1704;3504
1478;14067
2335;28960
2077;13506
1572;47234
1944;40934
554;17042
1673;51138
454;25343
1813;23138
461;45243
801;25221
2435;20666
590;9966
244;26398
577;31529
25;28197
1086;38435
1938;16871
76;28059
14;4535
1028;39163
2084;8864
536;55432
648;9269
500;17460
1408;60884
37;27220
1755;3419
847;62398
326;15530
250;21837
2108;27372
980;6305
2470;62867
1263;19686
1476;6101
1879;25901
257;33552
1201;37124
578;2815
2468;34359
1161;3584
887;38613
874;35605
1271;51811
1085;9902
1997;20223
1815;55814
1529;46789
2320;63052
1328;30707
1753;40489
1662;43943
1702;28340
2220;5826
976;6683
2510;18627
1198;12838
1104;28832
16;24928
1052;24954
2429;62213
823;19391
1820;14461
927;31243
2360;22890
1139;30034
1631;26067
1591;45770
1537;17485
2346;24071
746;50374
2236;57779
1272;23103
1806;3356
2105;19498
909;32756
2201;36110
1688;50024
1907;23654
2175;25985
1584;5405
1465;7091
671;15652
2130;17442
1844;53471
192;51321
943;42236
2255;2979
1203;20662
1973;18191
2450;40037
2045;4029
1329;18399
1019;27751
2071;18263
1986;13033
1268;2994
494;18085
1243;17363
2311;39313
2443;7873
1276;18717
216;8397
283;23316
249;30236
840;30339
472;7634
43;63721
1361;28057
2090;41282
97;14187
945;25722
1239;25903
1450;20676
2149;48674
1016;52605
460;4547
803;53901
1300;20848
912;32575
2319;46860
227;40276
144;38975
1801;32514
515;24569
1214;11610
1941;20900
1351;8429
1437;25876
1418;2877
452;58480
314;8491
817;11798
709;4383
1385;38388
135;27454
571;3557
310;45700
1765;19144
1649;4197
1127;27041
1248;21100
1325;43379
1065;40382
489;59519
1576;6167
1177;22901
2423;21879
1791;49767
1680;5729
1991;8595
147;10092
1129;10513
1979;50557
1981;38105
73;36724
59;29696
644;5717
2098;12017
1750;16324
646;46519
1042;62803
48;63389
2326;17676
82;11417
1;59105
1637;21618
2502;27661
1679;30428
171;28620
2167;43174
632;23127
1045;54386
2070;51237
1710;56535
2185;37597
1286;42581
2035;37757
2;63141
1447;4645
1532;46747
942;38374
308;4980
1787;5104
1014;48787
1927;46743
1270;43929
1440;25724
1678;46927
1930;5542
410;62069
2209;15152
1187;38536
1004;8670
786;10381
2063;43652
1273;19116
971;15508
1501;4292
1520;19100
1547;41437
2031;5361
1512;23862
2388;4402
2243;12348
1387;42440
397;9927
849;25658
2207;39919
320;36801
534;35423
501;54552
1400;24991
2479;13254
123;4006
993;30104
2460;43515
1423;14892
2241;28924
1741;58135
1811;35941
2396;3769
575;19746
411;4688
1411;24091
196;34821
962;4017
1607;52883
1375;22992
71;53402
1639;37951
1190;9682
1040;38514
1001;4892
2379;37968
1519;6955
1545;4794
232;23665
1684;50605
994;25962
1556;7988
142;59813
457;50056
966;16002
2120;10331
276;11831
2125;30399
1728;59253
608;33434
389;31134
2270;10181
2062;6963
2466;38976
1037;51092
1364;23950
2024;30616
339;59879
1095;38091
2302;19829
624;52611
1304;8457
341;31045
2230;5327
979;47721
2381;17371
2111;39782
2447;15990
1296;33701
1648;53644
520;3908
1002;54011
351;22031
131;11618
1725;47257
1344;17439
152;9877
1404;57514
1887;58382
1415;60701
663;8433
44;14753
1998;61465
451;26030
595;46849
1847;16665
1071;52401
857;33309
219;4345
1518;7121
236;31607
2121;34901
256;5378
1200;45809
1341;46394
882;18960
527;36138
1315;19885
1350;33364
2340;33112
1441;17626
818;28376
784;2529
1854;44793
395;6147
505;58454
1802;4057
1902;53099
201;5870
1007;4512
1919;18928
2330;38072
621;11978
1457;4030
596;9962
1390;25980
107;46457
1059;32979
545;55158
732;15064
1269;36026
1729;18326
2170;51369
396;63438
694;42805
600;9645
1110;16472
99;6180
350;59075
1035;6316
967;20159
2352;52664
2210;3010
2430;13418
1722;39422
1790;25583
2267;6472
1701;41162
1691;33807
1868;39599
740;43109
845;5727
376;36467
1635;38471
280;23961
1538;13755
881;31429
1628;47251
1784;5634
1549;53811
2247;36850
647;18094
1626;35145
662;4566
2394;24645
2334;54202
2213;15098
120;24982
867;8039
2003;40725
95;39355
1121;3346
1140;14064
1740;9318
1726;14582
1058;4490
138;19409
629;11424
1339;46707
2116;2695
540;35202
983;14819
560;37637
566;53523
2344;41126
1857;36487
2049;16455
2373;14139
375;28422
926;3172
2307;36000
916;28577
1009;45434
876;40090
2047;24821
261;33799
1796;33370
2333;21564
1970;51694
133;60817
1226;2864
38;19551
1625;6615
2263;23303
917;20336
1470;19492
1227;51953
959;4568
2143;20984
1531;6248
1021;11715
1229;19035
2338;8907
317;16912
763;49525
1342;62912
340;39584
1707;44905
922;52721
2187;17357
522;12194
695;14221
956;41710
1650;20975
607;5151
2426;42587
1823;2530
974;19748
1112;16486
10;21940
471;36925
670;61370
603;9584
169;37421
226;61364
1926;47240
1409;32813
2234;5297
2048;12542
2215;35543
1048;38205
1675;2554
122;4476
981;6906
80;24348
852;9424
466;16886
1285;51306
592;22818
1144;13866
2293;20898
362;17335
66;25522
1348;33802
889;14560
2286;13297
45;60037
2454;15742
1474;27450
449;14218
1383;43193
2237;25559
197;43331
188;60461
894;42826
2305;40404
2235;9345
758;37734
327;32547
2056;16013
870;7963
143;51923
1157;53783
1552;21003
2115;35720
78;32768
55;22390
1664;3536
1756;61433
26;45287
2275;14269
105;5965
2278;54988
1027;7270
1313;53164
1971;39510
2104;32565
935;55875
1222;56634
1494;34057
2245;24971
1401;4916
865;20731
1858;16135
194;19088
2256;32259
96;19036
195;14914
789;6575
2042;25457
2067;43857
960;4669
1302;41819
1885;38493
1581;22763
963;29006
905;13341
7;34627
428;3784
338;23541
890;6400
1363;20391
544;35120
2037;13598
1629;10599
1306;21029
1960;3616
757;54314
1295;9661
1463;28490
1732;51217
1605;33093
2421;59577
604;38356
2097;29123
1876;10601
2082;50857
1479;31268
1883;30510
1536;63414
1444;5520
150;55578
1180;11051
468;49675
1022;32366
333;11729
440;51997
168;33616
1683;30749
294;39541
231;7910
2385;29837
110;9763
820;49143
2203;24466
1294;46663
1212;20708
2009;36476
134;3685
1873;43673
2196;37348
1462;49118
1087;63858
693;18737
2487;9095
2227;47071
1405;57951
406;50756
1890;42277
285;32133
950;30189
2400;53194
1932;34698
273;16753
1133;27290
681;56615
1149;38256
995;59228
2117;35735
1503;12969
641;14886
359;58773
1483;22830
1311;49393
783;31777
1674;2885
1922;23265
40;36111
1178;19485
2504;28214
761;17232
1992;5176
594;31097
2061;3548
1063;41324
1280;15127
2012;3521
2146;12879
2439;17231
1217;36744
318;13055
499;51286
388;3154
2349;57474
2219;55976
2273;47399
162;21914
1205;17263
1490;22286
2304;61224
2127;18564
1128;15470
2392;4765
223;4573
179;40997
2036;50713
1764;7751
301;43165
1838;42573
2007;36737
811;13126
292;23437
414;54272
1582;47446
1038;27062
1544;9637
54;18621
1809;40890
246;19071
2214;15471
1257;21180
332;11940
1810;44912
1957;4044
2467;6770
2395;16846
241;23592
1380;60131
1333;27166
770;4265
2060;3696
1562;24549
1642;54773
2309;52665
1492;5787
2348;61711
2317;19231
422;41351
2484;46340
721;8344
1076;7553
178;28842
1856;49309
1984;10017
347;2532
2053;28872
2495;29046
2199;12661
2491;8910
2382;5672
2221;39520
1606;4543
2038;26031
65;42343
446;10722
1181;52114
434;11717
508;30151
2225;31005
415;62448
690;31431
812;4925
753;30303
1317;8070
2325;59583
1449;9409
1953;49495
2285;42419
1275;56620
368;21311
291;60474
1776;31427
1309;8750
85;3849
1135;43683
1752;12955
717;4653
790;14977
1774;15227
1406;21196
1638;6041
1780;22926
1699;5072
2499;8310
1727;15042
1929;6471
2078;30968
100;2632
2353;12245
764;45826
1495;9729
533;24042
1080;27794
1024;61114
6;18637
1721;52418
1117;37018
2291;13305
879;52682
1289;51422
806;9599
1258;33529
313;21853
2342;21377
1808;61606
1130;15485
2212;40369
1413;41153
67;50469
404;38881
1875;19188
2250;20836
1352;29834
2403;12237
1292;51208
869;57645
1608;4497
824;44994
1799;9129
1202;13624
346;2756
735;52391
1206;13296
941;39391
1254;54378
1976;19027
768;29177
532;52865
1859;36939
921;32873
1560;24890
1466;32691
1055;13567
383;16095
1601;5111
1611;12479
965;4660
36;3941
1921;56389
1845;29932
1116;12617
1513;4252
1183;31643
2028;31139
513;9429
469;58138
2246;4856
374;25066
1489;34918
2257;61286
31;12577
674;24746
749;51287
602;26625
772;4326
212;34421
237;20063
1798;62532
2493;13037
279;53445
2079;18735
1880;6578
1914;32428
1210;41720
1005;50552
1371;24270
774;28764
1282;19374
481;20322
682;15930
2486;21842
293;7259
1109;13261
1481;15156
521;33399
1366;24705
1220;32731
2186;30378
1846;5347
1332;39823
170;42062
2050;45769
564;21647
1359;4819
214;42509
779;20192
2425;26934
151;43649
605;30547
666;54155
1782;10689
1070;28829
510;5677
282;4121
872;49363
2144;17515
354;14534
651;39036
1766;52994
952;14057
240;19910
996;18603
458;38680
1399;38402
529;12306
1147;42935
137;20270
1174;12024
2351;53596
827;12157
1829;6815
1515;16499
613;34019
2355;16414
584;24144
86;24518
1749;25750
106;51532
242;7475
1871;52493
944;59807
1454;25678
1168;12549
2492;5063
1807;49630
1595;9886
1320;8135
349;60056
1527;3243
1689;38952
1742;22263
384;20294
541;31841
747;43412
1025;36728
1713;4198
1603;13328
380;20631
2384;30425
64;5901
2298;29372
503;39096
719;49843
841;31523
1091;14869
792;35600
176;41671
296;56287
1565;24697
1534;60036
1954;41566
2136;18268
1107;50425
1541;14413
1928;39634
116;58961
1910;28848
482;44972
703;34826
1966;32395
1695;9832
2331;6200
775;16569
1567;36848
115;18107
2068;7557
69;17828
1677;7248
1666;20454
2375;39433
2465;15581
854;38699
405;39104
1150;34617
1851;62455
1092;27147
2046;33981
1354;42263
1219;45283
616;17505
1428;11549
997;18650
2507;40783
2461;32306
844;2681
1369;36932
2512;48573
2448;21119
1211;21390
1100;30601
2473;27232
871;4557
1064;13115
198;7170
915;5004
957;26095
2386;9893
2337;42636
1661;8637
1394;10318
2148;50140
1491;6366
1050;51162
193;19890
1712;24886
691;31804
2029;31349
89;32623
2509;44760
2481;18413
126;41841
1571;61168
664;5383
1657;4883
156;10683
650;22931
1681;56148
1108;62751
530;57476
1817;28483
1866;44895
2224;19284
1592;43066
1156;46486
1767;20354
799;22872
557;18384
550;35349
722;12884
704;34860
878;28607
859;46572
1521;32586
1468;28793
1539;55675
1630;60409
1160;62554
736;56786
1939;34769
930;24312
2494;5097
1113;17321
797;27165
2420;56299
2239;9881
933;15878
2407;12324
1569;16343
1131;19935
2413;20030
830;3960
1230;44488
978;28540
2506;32787
1837;47360
2157;4415
206;35277
2438;38443
372;5124
745;39704
343;19820
1382;3220
688;28060
373;25534
1925;3216
379;8652
1281;11611
1079;16089
1909;12734
484;8131
1398;18291
1598;46748
1627;11573
1253;46717
459;30699
700;6602
1990;59271
2145;13642
1031;20095
898;27042
2155;53778
1182;11659
2093;26162
862;5459
1173;20616
408;39056
467;5486
821;29351
1517;57605
221;30002
702;59711
655;10369
2283;39081
173;42182
1734;43693
1496;51158
1185;48305
1299;6075
1892;30588
832;28455
1218;37375
2017;32499
370;9457
2485;18239
2081;10808
1703;38086
1924;3357
1590;31079
1098;10479
62;39126
1137;27723
2405;53560
183;20895
1978;39850
756;22496
2259;12433
159;39279
1641;26863
306;35271
1772;11904
274;33838
1917;20347
1563;8779
1265;37611
1298;10299
1034;7635
1264;33602
2011;28944
1407;9449
743;44084
2323;31728
1015;13320
893;19356
1864;4297
2459;45027
2074;3260
2295;25878
1956;62207
2324;60345
1634;7019
598;2897
166;10084
1259;13572
1101;14398
409;43164
1446;30826
2180;27247
796;52008
2128;19275
1830;19433
443;56731
2147;13611
2223;35975
1026;49315
798;2706
814;42342
215;6042
555;6500
164;26670
319;17905
2137;63616
2052;33813
2274;44060
982;20230
1096;55821
793;11343
836;11870
2188;26630
2150;9303
118;14121
5;48081
181;4802
1931;19297
1658;13283
1167;17178
1318;29222
524;5009
1935;10777
2264;16237
1961;25002
558;43148
1046;19034
488;3910
157;23195
2455;57746
726;25126
1290;31567
1933;31447
2315;20227
1719;4159
900;35269
2476;60115
479;37446
15;10425
1081;7962
1228;53105
1705;9427
2390;30403
394;40420
75;30033
2173;40219
287;32923
953;14512
1215;37823
1758;54192
620;13482
822;4908
1252;38854
204;19345
2086;26985
737;3785
1099;22888
2164;4125
464;34637
1287;15481
1588;19176
309;39318
182;21187
2040;34909
2088;35027
2030;2977
2457;4398
587;20351
1453;5814
552;2776
252;31773
2327;31586
1768;12441
21;18183
1191;15283
47;7835
425;41996
1690;23022
1314;5078
668;46408
50;7592
1723;28476
323;42280
1974;3552
1586;11185
1393;10820
1467;53831
2162;8438
2279;35593
2477;19160
1962;8662
2194;30363
1171;4681
2151;38040
1888;39387
1209;26110
851;23056
1989;51483
831;12432
2380;35416
911;9895
787;3803
1604;34300
2288;22582
2010;53846
1714;4694
442;16059
365;34741
2099;25991
420;42466
640;52879
734;12307
885;3870
2393;26160
1653;9759
1011;9797
1832;60444
1615;8823
1469;4559
1785;7007
1237;7440
518;34349
759;30729
1088;23908
1523;49240
444;3631
2018;4066
2490;9940
517;42637
2276;23620
33;54138
667;5616
712;22361
658;14558
929;57599
654;27179
2232;6797
275;17678
117;43082
260;2541
918;38045
580;45619
977;20861
1751;5770
866;17784
2301;5181
1165;42125
1493;18994
1312;21735
1012;5675
826;37498
2054;25683
715;26234
377;29717
2005;9279
1836;27401
1293;51994
588;40878
1999;5690
838;3750
720;9454
2282;2690
1535;3249
1557;42389
1884;48015
771;17514
910;59229
519;42531
424;29936
528;45883
741;48688
2075;36270
2197;5664
3;23924
1336;60743
2022;3804
1138;52600
1812;13047
2464;32664
1475;45119
1417;21261
611;6245
2198;42456
2401;41992
109;52010
1068;42046
61;35518
1049;19050
2204;5112
556;14917
750;52066
1225;41316
1659;33966
972;9066
642;24179
1891;47489
1819;16601
531;49777
1421;16872
2091;34990
2228;3139
1074;12903
2310;53674
2287;51492
213;47513
1471;37305
958;10252
1558;25994
290;12452
998;56088
1323;16825
1613;9144
1378;12263
1773;49110
617;9896
353;40000
1497;59734
132;9194
896;15415
0;24248
932;37007
2277;56447
92;16619
936;12106
1053;14689
2182;56154
1636;35937
2314;4249
2383;2617
1761;37859
1499;10458
1204;18560
1391;44002
1303;47208
392;16330
1682;36237
625;33854
2211;16904
124;30383
229;50347
1326;4353
1655;18011
738;28586
1301;63775
776;41813
1238;15761
1075;45675
634;24940
1169;21500
1176;16823
2363;12510
58;39985
1484;11741
951;51884
1126;57845
1720;29022
1155;34957
1672;33005
2208;4907
1340;3227
1288;23925
760;47270
1975;16065
264;39295
2294;14169
1163;9737
1425;33046
1561;9476
755;14933
403;11382
493;24395
1894;59667
1877;7829
2336;35270
710;51439
586;61731
1234;24338
1434;36408
686;24768
791;24246
174;5823
1668;4712
172;10093
1827;40671
2252;34062
683;4551
360;6786
919;9542
2163;12786
767;38543
1700;47124
2445;5767
689;49114
233;5046
2178;19739
526;13497
1241;3309
2168;53340
1395;39676
731;4680
262;59991
2055;46347
1334;36557
609;18907
1614;9226
2266;8362
716;50995
1783;11587
800;31736
1593;15066
543;36683
837;32759
2441;63474
2451;50357
1487;60732
1969;28918
2313;24942
30;21928
222;14183
2019;37064
2087;51900
1345;7001
729;41748
463;43344
1814;25420
506;11105
1757;62925
1377;8446
2272;28369
2343;6100
2418;3971
769;13864
191;29077
300;32317
816;26356
2398;13832
1577;16439
1148;6990
1993;39261
1159;55234
2043;18731
1632;20075
794;60969
267;55556
1199;15067
2444;22320
913;34707
739;8193
2440;6280
438;33188
234;13256
2260;62182
2369;16274
1193;60634
2290;47418
1874;16403
1069;38167
1788;39935
1698;6443
153;52764
1651;18540
906;35325
1795;47559
1963;54088
696;48661
679;58264
1747;39259
2402;21759
964;5944
495;16198
450;28129
1464;21796
2513;37126
24;22536
1142;40337
2449;50644
2218;20659
706;23281
2004;30233
1324;21143
1376;12731
931;57859
597;56909
2483;6868
999;19449
633;21159
897;48405
1044;32108
1600;14632
1384;57135
2406;29649
154;15866
1911;5200
1006;6591
2489;10480
724;38194
1870;45486
1942;23125
49;45080
937;36916
1419;46062
1132;16634
184;54362
1208;47196
2365;33082
1427;57695
728;41984
825;9361
1432;32705
224;46958
1899;51298
1514;13620
1995;59719
1525;61865
1207;30914
1196;23633
1886;35995
210;7172
2057;38192
1906;34339
1266;9642
1331;45205
723;58805
1414;13740
2124;3968
474;42611
1709;34316
1735;23965
158;27881
860;35155
687;53610
2269;36987
2321;4009
618;14283
1184;24650
1420;17356
355;3350
1555;51204
2102;22191
754;43970
2174;44890
1508;26445
1804;34651
39;33688
387;37574
305;56671
1455;39046
238;37662
1622;37476
678;38004
1246;3148
2023;4192
579;50322
1430;12455
2226;3738
2033;15661
445;4105
1905;34481
583;9040
148;8286
925;17528
1422;4950
364;2649
2463;20942
1665;9355
585;8889
1146;60628
645;53058
2505;50236
1763;29903
225;38772
903;19367
2377;11711
2371;8118
127;38720
413;2694
992;32462
938;41045
615;18701
1472;45875
2059;62694
1951;42991
265;39566
813;30946
29;14102
2452;13694
1835;56717
1968;49778
478;34185
883;49727
2159;25736
1221;54438
2103;34487
1988;3070
1959;42340
2126;48960
1500;6714
2139;27411
186;50243
2254;13769
1105;14926
1947;18773
628;54522
1368;21780
1245;19698
551;15863
1089;20365
1445;3102
733;13049
1251;56069
381;13595
777;13496
299;4021
23;14641
2172;20594
1452;18914
940;61413
2229;36348
161;7293
656;35845
2006;26202
114;7108
2242;6612
1403;31192
1010;18761
1610;9919
98;4349
512;19140
1365;30264
13;35983
407;52432
2411;25363
846;15999
895;3742
2478;7526
1504;43312
855;56216
1319;17711
657;23505
810;2613
563;55886
2092;6803
1589;23975
868;26479
1715;34001
708;31566
2002;18378
441;53731
207;19906
277;38677
1660;9901
782;13148
1826;4322
1367;13747
1485;12142
1739;27931
819;51057
1388;12022
1103;52064
136;9448
2179;40587
2409;25602
245;4506
815;26828
570;30786
358;44286
975;9456
751;7570
1915;58421
955;2930
316;39583
884;49787
1972;20923
581;17590
1897;14860
2158;54646
1526;12888
1898;35264
1154;23288
2109;9558
622;18297
1039;28747
9;24124
788;20911
149;24794
2025;24739
1609;6018
2192;23166
1824;29134
2110;5403
1996;23068
1278;58084
1794;52119
1186;57527
908;47839
1663;42518
1786;32314
1985;40372
1553;35268
1151;3100
490;49775
1164;18409
1498;31647
1094;16031
2414;12973
742;49347
302;36719
1379;4672
675;5763
902;15591
1849;6623
329;34480
2482;7331
835;49830
2436;48013
1616;38254
356;52728
51;4315
1916;29741
1676;53764
1559;47091
744;16429
1349;23558
2140;27538
635;5001
1189;4080
1216;63279
1872;8835
91;33776
1435;20528
1274;13412
2432;15608
83;5772
2008;34416
2231;11810
1770;9112
2329;7770
2249;26704
1834;24287
1943;27535
28;34928
1030;45973
2358;5382
672;22440
2359;21678
1066;14318
2424;36775
1881;57263
1120;5743
125;22791
891;61615
1670;21533
1738;3599
538;25377
573;10184
22;6768
303;40788
1771;9058
562;31582
947;7817
128;26646
1578;41468
328;46915
2156;22165
1949;47545
289;5098
2064;13421
2076;4238
2141;19322
456;11728
218;2810
386;38020
433;46409
1158;35384
1510;30743
639;29313
1781;8255
1946;15046
1020;50941
1051;48368
1619;5326
1067;34759
2189;52220
402;8038
685;9132
108;11967
1821;9057
1583;16520
1084;4695
848;57049
1548;3052
1018;6080
523;43074
1669;33971
1013;14691
2462;25496
1240;36819
516;39568
202;20573
1036;20982
1912;26103
2500;10062
2206;54964
1831;20554
2171;29197
559;40112
74;10741
270;6763
2160;54691
1895;35729
1566;22075
187;34134
877;34212
1900;27127
2094;19216
352;8155
1792;3321
612;11155
129;38956
2496;39109
1896;52044
660;3077
1737;24280
322;55711
2415;4874
18;27697
480;38506
2184;15859
2039;52470
2073;49648
2106;22346
475;10262
390;17320
1839;3554
888;37430
1360;14644
2165;13362
336;38195
713;2808
1621;42130
77;47406
1506;6624
525;22515
610;3171
145;33574
833;9241
591;4751
2138;3324
52;29009
1612;6026
1646;40067
574;38936
2058;18167
1524;37920
1125;9596
2013;26004
2129;49147
1244;52966
1862;18056
315;3098
2289;19484
1564;46891
1224;46441
94;33737
2515;41688
2066;50285
1262;10523
2072;17021
1685;16374
1482;4558
247;29236
491;25373
1848;60198
1546;56591
1983;12128
2296;59876
1247;28167
765;19033
1863;54872
155;24612
1392;44822
1825;25266
829;62884
1102;15658
1936;11969
102;4451
371;55855
828;62978
2498;18574
325;55581
809;3120
486;13545
711;19454
875;9947
272;39516
1958;14279
2101;10609
399;45377
2132;12136
278;39039
1255;3004
630;22113
567;2771
1459;22946
856;36131
601;49102
46;21441
2376;16471
2431;15997
1671;5359
141;21758
1762;30577
400;61707
631;26148
1594;36331
1124;5715
1093;20577
1793;19819
2135;61072
1172;42697
1687;57296
1623;5265
140;21859
101;4620
1901;35449
2044;56343
286;30231
2262;13679
366;39980
1507;2622
2200;43401
606;11867
2442;15136
582;9770
1386;8575
2233;28386
509;15834
470;31362
348;25104
1307;39718
1250;7585
988;41618
473;55696
12;12038
2021;13228
1597;23843
589;9207
1362;26970
850;36702
1335;8732
1697;19653
1754;6729
2318;9074
209;61241
1439;20592
714;2948
1145;16328
1338;24883
2216;42128
2370;8867
1918;5429
1528;21420
284;34560
1357;11035
1656;10794
653;32603
802;36626
2261;42506
239;50595
1451;23729
698;20696
1542;20276
220;48083
707;40433
1370;63227
337;13803
638;33876
103;16842
1543;3823
19;7434
1502;39998
1456;15142
208;24522
2114;17877
1233;17273
2422;53752
1486;20852
2280;20485
1083;50209
2217;5249
312;11813
1865;34467
2166;42249
81;63758
853;3778
2152;10654
2368;41893
476;35088
165;36325
939;8954
1003;52795
2437;27985
568;11080
2271;17185
2190;7530
2322;62114
34;10356
436;63008
1249;20108
762;11375
1231;33889
1436;8688
984;50300
785;9472
84;51274
1746;7542
416;40108
72;48180
2107;55406
2122;29585
1223;9992
160;24495
53;8807
1256;23645
542;9182
2410;22080
839;5015
497;8825
1373;38521
1982;41219
1111;2921
6;7
